133911503688249189628496841028430216876850249481899402941781
907419645122502569235665619818048563883
1071292029505993517027974728227441735014801995855195223534251
37692737381938865697777013349182261670986323133346537773260932294242555221
6296488643826193618261
3897337699549074448543159553910088052415820114603
2932031007403
29734326931374164188714291030197815341307221
2246662222262553316222251257251635889469762035211714373425300854101
699051
221537999297485978817301176713390763
105637550019019116791391933781
18846368690969432848888506674591130835493161566673268886630466147121277611
8173309551284740577911184144801648979299941984979211605
62357403192785191176690552862561408838653121833643
237874615450993313509714328241582522730457771
1948668849774537224271579776955044026207910057301
3
349525
49191317529892137643
11184811
261545905641111698493157892633652767337598143519334771371
3223802185639011132549803
48038396025285291
7259357160980020553885324958544388511061
124714806385570382353381105725122817677306243667285
12009599006321323
1
12895208742556044530199211
14178431955039102644307275309657008811
393530540239137101141
2796203
13846124956092873676081323544586923
715827883
178956971
805950546409752783137451
150770949527755462791108053396729046683945292533386151093043729176970220885
43691
301541899055510925582216106793458093367890585066772302186087458353940441771
216345702438951151188770680384171
845100400152152934331135470251
121791803110908576516973736059690251637994378581
4285168118023974068111898912909766940059207983420780894137003
118937307725496656754857164120791261365228885
2355796086371179106111063334323891354436645195834158610828808268390159701
9202328462387418383246341149702700603268145296227182073550032298399061
865382809755804604755082721536683
58074857287840164431082599668355108088491
1123331111131276658111125628625817944734881017605857186712650427051
1858395433210885261794643189387363458831701
1902996923607946508077714625932660181843662165
226854911280625642308916404954512140971
6004799503160661
4388012152856549445746584486819601346620628975022879635596290731
1365
34281344944191792544895191303278135520473663867366247153096021
100743818301219097892181
1537228672809129301
25185954575304774473045
7794675399098148897086319107820176104831640229205
3002399751580331
357913941
1431655765
1772303994379887830538409413707126101
16346619102569481155822368289603297958599883969958423211
7433581732843541047178572757549453835326805
4086654775642370288955592072400824489649970992489605803
588949021592794776527765833580972838609161298958539652707202067097539925
1150291057798427297905792643712837575408518162028397759193754037299883
287572764449606824476448160928209393852129540507099439798438509324971
523091811282223396986315785267305534675196287038669542741
28356863910078205288614550619314017621
196765270119568550571
3544607988759775661076818827414252203
3074457345618258603
2142584059011987034055949456454883470029603991710390447068501
87381
3990873804338252235308195383203930165673799797353131
510831846955296286119449009050103061206246374061200725
1995436902169126117654097691601965082836899898676565
187649984473771
3805993847215893016155429251865320363687324331
1
113427455640312821154458202477256070485
13204693752377389598923991723
29037428643920082215541299834177554044245
1501199875790165
32693238205138962311644736579206595917199767939916846421
22906492245
1466015503701
116149714575680328862165199336710216176981
7981747608676504470616390766407860331347599594706261
13521606402434446949298167524011
886151997189943915269204706853563051
35104097222852395565972675894556810772965031800183037084770325845
66955751844124594814248420514215108438425124740949701470891
5592405
17973297778100426529778010058013087115758096281693714987402406832811
341
255415923477648143059724504525051530603123187030600363
1177898043185589553055531667161945677218322597917079305414404134195079851
75385474763877731395554026698364523341972646266693075546521864588485110443
31926990434706017882465563065631441325390398378825045
65386476410277924623289473158413191834399535879833692843
11453246123
3629678580490010276942662479272194255531
787061080478274202283
6602346876188694799461995861
4184734490257787175890526282138444277401570296309356341931
1097003038214137361436646121704900336655157243755719908899072683
422550200076076467165567735125
17552048611426197782986337947278405386482515900091518542385162923
56713727820156410577229101238628035243
174763
384307168202282325
130772952820555849246578946316826383668799071759667385685
8986648889050213264889005029006543557879048140846857493701203416405
3148244321913096809131
7089215977519551322153637654828504405
274250759553534340359161530426225084163789310938929977224768171
45812984491
498859225542281529413524422900491270709224974669141
85
54086425609737787797192670096043
683
91625968981
206323339880896712483187371
375299968947541
15223975388863572064621717007461281454749297323
63853980869412035764931126131262882650780796757650091
127707961738824071529862252262525765301561593515300181
561665555565638329055562814312908972367440508802928593356325213525
267823007376498379256993682056860433753700498963798805883563
43
1046183622564446793972631570534611069350392574077339085483
98382635059784275285
26409387504754779197847983445
768614336404564651
59468653862748328377428582060395630682614443
18404656924774836766492682299405401206536290592454364147100064596798123
33477875922062297407124210257107554219212562370474850735445
443075998594971957634602353426781525
4493324444525106632444502514503271778939524070423428746850601708203
535646014752996758513987364113720867507400997927597611767125
21
23456248059221
171
140416388891409582263890703578227243091860127200732148339081303381
6923062478046436838040661772293461
51580834970224178120796843
1730765619511609209510165443073365
2092367245128893587945263141069222138700785148154678170965
8776024305713098891493168973639202693241257950045759271192581461
31178701596392595588345276431280704419326560916821
929197716605442630897321594693681729415851
24019198012642645
12297829382473034411
750599937895083
55384499824371494704325294178347691
7611987694431786032310858503730640727374648661
232299429151360657724330398673420432353963
733007751851
25790417485112089060398421
974334424887268612135789888477522013103955028651
27043212804868893898596335048021
243583606221817153033947472119380503275988757163
3301173438094347399730997931
453709822561251284617832809909024281941
21845
1650586719047173699865498965
22369621
89478485
3716790866421770523589286378774726917663403
211275100038038233582783867563
366503875925
575145528899213648952896321856418787704259081014198879596877018649941
50371909150609548946091
1398101
14867163465687082094357145515098907670653611
294474510796397388263882916790486419304580649479269826353601033548769963
68562689888383585089790382606556271040947327734732494306192043
17140672472095896272447595651639067760236831933683123576548011
24595658764946068821
1690200800304305868662270940501
192153584101141163
432691404877902302377541360768341
2300582115596854595811585287425675150817036324056795518387508074599765
1574122160956548404565
93824992236885
9423184345484716424444253337295565417746580783336634443315233073560638805
103161669940448356241593685
14518714321960041107770649917088777022123
4601164231193709191623170574851350301634072648113591036775016149199531
1814839290245005138471331239636097127765
2194006076428274722873292243409800673310314487511439817798145365
10923
8369468980515574351781052564276888554803140592618712683861
997718451084563058827048845800982541418449949338283
3380401600608611737324541881003
3461531239023218419020330886146731
6447604371278022265099605
1611901092819505566274901
96076792050570581
137125379776767170179580765213112542081894655469464988612384085
5726623061
36809313849549673532985364598810802413072581184908728294200129193596245
110768999648742989408650588356695381
11
487167212443634306067894944238761006551977514325
71893191112401706119112040232052348463032385126774859949609627331243
5864062014805
2863311531
201487636602438195784363
825293359523586849932749483
402975273204876391568725
15589350798196297794172638215640352209663280458411
1206167596222043702328864427173832373471562340267089208744349833415761767083
464598858302721315448660797346840864707925
2731
6760803201217223474649083762005
27692249912185747352162647089173845
2043327387821185144477796036200412244824985496244802901
548501519107068680718323060852450168327578621877859954449536341
183251937963
412646679761793424966374741
16738937961031148703562105128553777109606281185237425367723
147237255398198694131941458395243209652290324739634913176800516774384981
8570336236047948136223797825819533880118415966841561788274005
35946595556200853059556020116026174231516192563387429974804813665621
603083798111021851164432213586916186735781170133544604372174916707880883541
5461
73618627699099347065970729197621604826145162369817456588400258387192491
4711592172742358212222126668647782708873290391668317221657616536780319403
60895901555454288258486868029845125818997189291
249429612771140764706762211450245635354612487334571
5
6148914691236517205
108172851219475575594385340192085
143786382224803412238224080464104696926064770253549719899219254662485
70208194445704791131945351789113621545930063600366074169540651691
475749230901986627019428656483165045460915541
11728124029611
1021663693910592572238898018100206122412492748122401451
44739243
46912496118443
52818775009509558395695966891
15963495217353008941232781532815720662695199189412523
12592977287652387236523
951498461803973254038857312966330090921831083
30447950777727144129243434014922562909498594645
280832777782819164527781407156454486183720254401464296678162606763
